connections <- list( c(2, 3, 8),
	c(4, 6, 7),
	c(4, 5),
	c(5),
	c(9),
	c(7, 8, 10, 12),
	c(9, 12, 13),
	c(10, 11),
	c(13),
	c(11, 12, 14),
	c(14, 18),
	c(13, 14, 17, 19),
	c(15, 16),
	c(17, 18),
	c(16, 19, 20),
	c(20),
	c(18, 19),
	c(19, 21),
	c(20, 21, 22),
	c(22),
	c(23, 29, 41, 42, 60),
	c(24),
	c(60),
	c(27),
	c(26, 28),
	c(27, 28),
	c(28, 29, 31, 33, 34, 35),
	c(),
	c(34, 41),
	c(31),
	c(32, 33),
	c(33),
	c(35),
	c(35, 38, 40, 41, 44),
	c(36),
	c(37, 38, 39),
	c(39),
	c(39, 40),
	c(),
	c(44, 47),
	c(42, 43, 44),
	c(43, 64),
	c(44, 45, 48, 64, 71, 73),
	c(45, 46, 47, 49),
	c(46, 48, 51, 53),
	c(49, 51),
	c(50),
	c(53, 54, 57, 73, 75, 76),
	c(50, 51, 52),
	c(52, 91, 92),
	c(52, 53, 55, 56, 58),
	c(56, 58, 92),
	c(54, 55),
	c(55, 57),
	c(56, 57, 59),
	c(58, 59, 92, 99),
	c(59, 76, 80),
	c(),
	c(104, 105),
	c(61, 62, 64),
	c(63, 65, 66),
	c(63, 67, 68, 69),
	c(65),
	c(68, 69, 71, 72),
	c(66, 67),
	c(67, 70),
	c(69),
	c(),
	c(70, 72, 77, 125, 138),
	c(),
	c(72, 73),
	c(73, 74),
	c(74, 75, 78),
	c(77, 78),
	c(76, 78),
	c(78, 80),
	c(78, 79),
	c(79, 80, 81),
	c(81, 83),
	c(81, 82, 84),
	c(83, 84, 87, 88),
	c(84, 85, 86, 104, 106),
	c(),
	c(85, 87),
	c(86, 87),
	c(87, 106, 108, 111),
	c(88, 111, 112, 114),
	c(114),
	c(90, 91, 95),
	c(95),
	c(92, 93, 94, 95, 97),
	c(93, 96, 99),
	c(94, 95, 96, 97, 98),
	c(95, 97),
	c(97, 98, 100, 101, 102, 103),
	c(98, 99, 101),
	c(98, 100, 101, 102, 103),
	c(101),
	c(101, 105),
	c(102),
	c(103, 139, 140, 141, 143),
	c(103),
	c(142, 143),
	c(105, 106, 107, 110),
	c(107, 109),
	c(108, 110, 111),
	c(109, 110),
	c(111),
	c(110, 116, 118, 139, 149),
	c(111, 115, 116),
	c(113, 115, 117, 120),
	c(113, 114, 117),
	c(117),
	c(117, 121, 124),
	c(116, 119, 120, 122),
	c(118, 119),
	c(120, 121),
	c(119, 123, 128, 149, 151),
	c(123),
	c(121, 122),
	c(122, 123, 124, 126, 127, 128, 129, 130),
	c(123),
	c(128),
	c(125, 126, 127),
	c(126, 127),
	c(127),
	c(129),
	c(130, 151, 158, 161),
	c(130, 131, 132),
	c(132, 133, 134, 161),
	c(132, 134, 135),
	c(133, 134),
	c(134),
	c(135, 136, 137, 161, 167),
	c(),
	c(137, 138),
	c(138, 167),
	c(),
	c(140, 141, 147, 148, 149),
	c(141),
	c(143, 147),
	c(143, 144),
	c(144, 146, 147),
	c(145, 146),
	c(153),
	c(147),
	c(148, 150, 152),
	c(149, 150, 154, 157, 160),
	c(151, 154),
	c(152, 155, 157),
	c(154),
	c(155),
	c(156, 159),
	c(158, 160),
	c(156, 157, 159),
	c(159),
	c(159),
	c(160, 161, 162),
	c(),
	c(162, 163),
	c(162, 167),
	c(163, 166),
	c(164, 166, 168, 171),
	c(168),
	c(168, 169, 172),
	c(167, 171, 173),
	c(173),
	c(172, 174),
	c(170, 172, 175),
	c(),
	c(173, 174),
	c(174, 175, 176),
	c(),
	c(176),
	c(176),
	c()
)

if (any(sapply(connections, is.unsorted))) {
	cat("Unsorted connections\n")
}

if (any(sapply(seq_along(connections), \(x) any(connections[[x]] <= x)))) {
	cat("Previous connections\n")
}

n <- length(connections)
for (i in 1:n) {
	for (j in connections[[i]]) {
		connections[[j]] <- sort(union(i, connections[[j]]))
	}
}
